dimwishlist:item=372697604&perks=202670084,3142289711,699525795,47981717
dimwishlist:item=372697604&perks=1482024992,106909392,247725512,1954620775
dimwishlist:item=1019000888&perks=1482024992,106909392,247725512,3038247973
dimwishlist:item=1687353095&perks=1482024992,106909392,1820235745,3708227201
dimwishlist:item=1687353095&perks=202670084,3142289711,2450788523,47981717
dimwishlist:item=2233545123&perks=1840239774,1087426260,1354429876,1771339417
dimwishlist:item=2233545123&perks=202670084,1087426260,2866798147,957782887
dimwishlist:item=2342054803&perks=1467527085,106909392,1048183818,2209918983
dimwishlist:item=2852052802&perks=3661387068,1885400500,1820235745,124408337
dimwishlist:item=2856514843&perks=839105230,1561002382,1168162263,4104185692
dimwishlist:item=2856514843&perks=202670084,1561002382,588594999,2846385770
dimwishlist:item=3341893443&perks=1467527085,106909392,1820235745,11612903
dimwishlist:item=3341893443&perks=202670084,3142289711,2450788523,2846385770
dimwishlist:item=3489657138&perks=981914802,3796465595,3300816228,3194351027
dimwishlist:item=3568377122&perks=1478423395,3373736292,951095735,3194351027
dimwishlist:item=3568377122&perks=1478423395,1380253176,1583705720,4049631843
dimwishlist:item=4114929480&perks=839105230,689005463,671806388,1427256713
dimwishlist:item=4114929480&perks=1392496348,3868766766,280464955,2652708987
dimwishlist:item=4225322581&perks=1332244541,3142289711,2014892510,711234314
dimwishlist:item=378498222&perks=202670084,1561002382,2450788523,1015611457
dimwishlist:item=378498222&perks=1392496348,1885400500,1820235745,4104185692
dimwishlist:item=2448907086&perks=981914802,3796465595,2869569095,2284787283
dimwishlist:item=2448907086&perks=981914802,3796465595,3300816228,3927722942
dimwishlist:item=2821430069&perks=1840239774,3142289711,1428297954,3673922083
dimwishlist:item=2821430069&perks=1840239774,791862061,1354429876,1546637391
dimwishlist:item=2891672170&perks=1047830412,791862061,1631667848,2679249093
dimwishlist:item=4156253727&perks=202670084,1561002382,2846385770,47981717
dimwishlist:item=4255586669&perks=981914802,3032599245,3300816228,1683379515
dimwishlist:item=310708513&perks=202670084,1561002382,247725512,1015611457
dimwishlist:item=409551876&perks=1482024992,1885400500,247725512,3708227201
dimwishlist:item=409551876&perks=202670084,1561002382,2450788523,2213355989
dimwishlist:item=2050789284&perks=1467527085,3230963543,1168162263,1015611457
dimwishlist:item=2496875173&perks=1392496348,3177308360,1820235745,4104185692
dimwishlist:item=3473290087&perks=1840239774,1087426260,3400784728,1546637391
dimwishlist:item=3473290087&perks=202670084,3142289711,588594999,957782887
dimwishlist:item=875848769&perks=202670084,1561002382,2846385770,1890422124
dimwishlist:item=1046651176&perks=1482024992,106909392,247725512,3038247973
dimwishlist:item=1107446438&perks=202670084,3142289711,247725512,1015611457
dimwishlist:item=1788603939&perks=1392496348,1885400500,1583705720,4049631843
dimwishlist:item=2888266564&perks=1482024992,1561002382,247725512,1015611457
dimwishlist:item=65611680&perks=445755710,1561002382,588594999,2846385770
dimwishlist:item=108221785&perks=1482024992,3142289711,706527188,591790007
dimwishlist:item=852551895&perks=1840239774,1087426260,3300816228,1771339417
dimwishlist:item=1141547457&perks=202670084,3142289711,247725512,591790007
dimwishlist:item=1141547457&perks=202670084,3142289711,247725512,1015611457
dimwishlist:item=1690783811&perks=679077873,3142289711,1359896290,1890422124
dimwishlist:item=1796949035&perks=3666208348,269888150,3108830275,2396489472
dimwishlist:item=1967303408&perks=1840239774,3142289711,706527188,2213355989

